GAMMA
73BR, 26.94, 0.0, 1.09
73BR, 178.04, 26.94, 22.0
73BR, 178.04, 0.0, 96.6
73BR, 240.45, 178.04, 13.0
73BR, 240.45, 26.94, 11.5
73BR, 286.09, 240.45, 5.1
73BR, 286.09, 178.04, 2.4
73BR, 286.09, 26.94, 1.1
73BR, 286.09, 0.0, 1.7
73BR, 419.03, 178.04, 13.1
73BR, 419.03, 26.94, 7.0
73BR, 423.4, 240.45, 1.7
73BR, 423.4, 26.94, 7.2
73BR, 423.4, 0.0, 6.4
73BR, 473.4, 26.94, 4.3
73BR, 473.4, 0.0, 16.2
73BR, 481.2, 178.04, 9.2
73BR, 481.2, 26.94, 17.0
73BR, 635.26, 178.04, 10.8
73BR, 635.26, 26.94, 2.7
73BR, 635.26, 0.0, 12.1
73BR, 681.1, 178.04, 7.1
73BR, 681.1, 26.94, 0.9
73BR, 713.3, 26.94, 12.2
73BR, 713.3, 0.0, 1.2
73BR, 1137.52, 481.2, 1.9
73BR, 1137.52, 419.03, 2.5
73BR, 1137.52, 178.04, 8.8
73BR, 1137.52, 26.94, 4.7
73BR, 1473.0, 178.04, 1.3
73BR, 1473.0, 26.94, 2.2
73BR, 1542.4, 635.26, 3.4
73BR, 1542.4, 178.04, 3.2
73BR, 2153.9, 481.2, 1.8
73BR, 2153.9, 178.04, 1.7
73BR, 2153.9, 26.94, 1.6
73BR, 2261.5, 178.04, 3.0
73BR, 2261.5, 0.0, 0.6
73BR, 2555.0, 481.2, 2.1
73BR, 2555.0, 26.94, 1.0
73BR, 3017.3, 713.3, 2.0
73BR, 3017.3, 481.2, 2.6
73BR, 3017.3, 178.04, 5.0
73BR, 3252.1, 481.2, 0.9
73BR, 3285.1, 178.04, 1.4
73BR, 3462.3, 178.04, 1.3
73BR, 3462.3, 26.94, 0.7
73BR, 3469.1, 178.04, 1.0

INTERNAL_CONVERSION
73BR, 26.94, 0.0, 109.545, , 11.87775, 1, 13.25, 0.1573 ; 12.614, 1.0, 
73BR, 178.04, 26.94, 2.42, , 11.87775, 1, 13.25, 0.1573 ; 136.774, 1.0, 
73BR, 178.04, 0.0, 3.381, , 11.87775, 1, 13.25, 0.1573 ; 163.714, 1.0, 
73BR, 240.45, 178.04, 5.551, , 11.87775, 1, 13.25, 0.1573 ; 48.084, 1.0, 
73BR, 240.45, 26.94, 0.6164, , 11.87775, 1, 13.25, 0.1573 ; 199.184, 1.0, 
73BR, 286.09, 240.45, 4.3554, , 11.87775, 1, 13.25, 0.1573 ; 31.314, 1.0, 
73BR, 286.09, 178.04, 0.16152, , 11.87775, 1, 13.25, 0.1573 ; 93.724, 1.0, 
73BR, 286.09, 26.94, 0.00572, , 11.87775, 1, 13.25, 0.1573 ; 244.824, 1.0, 
73BR, 286.09, 0.0, 0.05678, , 11.87775, 1, 13.25, 0.1573 ; 271.764, 1.0, 
73BR, 419.03, 178.04, 0.262, , 11.87775, 1, 13.25, 0.1573 ; 226.664, 1.0, 
73BR, 419.03, 26.94, 0.028, , 11.87775, 1, 13.25, 0.1573 ; 377.764, 1.0, 
73BR, 423.4, 240.45, 0.0918, , 11.87775, 1, 13.25, 0.1573 ; 168.624, 1.0, 
73BR, 423.4, 26.94, 0.02808, , 11.87775, 1, 13.25, 0.1573 ; 382.134, 1.0, 
73BR, 423.4, 0.0, 0.0, , 11.87775, 1, 13.25, 0.1573 ; 409.074, 1.0, 
73BR, 473.4, 26.94, 0.0, , 11.87775, 1, 13.25, 0.1573 ; 432.134, 1.0, 
73BR, 473.4, 0.0, 0.0, , 11.87775, 1, 13.25, 0.1573 ; 459.074, 1.0, 
73BR, 481.2, 178.04, 0.1012, , 11.87775, 1, 13.25, 0.1573 ; 288.834, 1.0, 
73BR, 481.2, 26.94, 0.0, , 11.87775, 1, 13.25, 0.1573 ; 439.934, 1.0, 
73BR, 635.26, 178.04, 0.0, , 11.87775, 1, 13.25, 0.1573 ; 442.894, 1.0, 
73BR, 635.26, 26.94, 0.0, , 11.87775, 1, 13.25, 0.1573 ; 593.994, 1.0, 
73BR, 635.26, 0.0, 0.0, , 11.87775, 1, 13.25, 0.1573 ; 620.934, 1.0, 
73BR, 681.1, 178.04, 0.0, , 11.87775, 1, 13.25, 0.1573 ; 488.734, 1.0, 
73BR, 681.1, 26.94, 0.0, , 11.87775, 1, 13.25, 0.1573 ; 639.834, 1.0, 
73BR, 713.3, 26.94, 0.0, , 11.87775, 1, 13.25, 0.1573 ; 672.034, 1.0, 
73BR, 713.3, 0.0, 0.0, , 11.87775, 1, 13.25, 0.1573 ; 698.974, 1.0, 
73BR, 1137.52, 481.2, 0.0, , 11.87775, 1, 13.25, 0.1573 ; 641.994, 1.0, 
73BR, 1137.52, 419.03, 0.0, , 11.87775, 1, 13.25, 0.1573 ; 704.164, 1.0, 
73BR, 1137.52, 178.04, 0.0, , 11.87775, 1, 13.25, 0.1573 ; 945.154, 1.0, 
73BR, 1137.52, 26.94, 0.0, , 11.87775, 1, 13.25, 0.1573 ; 1096.254, 1.0, 
73BR, 1473.0, 178.04, 0.0, , 11.87775, 1, 13.25, 0.1573 ; 1280.634, 1.0, 
73BR, 1473.0, 26.94, 0.0, , 11.87775, 1, 13.25, 0.1573 ; 1431.734, 1.0, 
73BR, 1542.4, 635.26, 0.0, , 11.87775, 1, 13.25, 0.1573 ; 892.814, 1.0, 
73BR, 1542.4, 178.04, 0.0, , 11.87775, 1, 13.25, 0.1573 ; 1350.034, 1.0, 
73BR, 2153.9, 481.2, 0.0, , 11.87775, 1, 13.25, 0.1573 ; 1658.374, 1.0, 
73BR, 2153.9, 178.04, 0.0, , 11.87775, 1, 13.25, 0.1573 ; 1961.534, 1.0, 
73BR, 2153.9, 26.94, 0.0, , 11.87775, 1, 13.25, 0.1573 ; 2112.634, 1.0, 
73BR, 2261.5, 178.04, 0.0, , 11.87775, 1, 13.25, 0.1573 ; 2069.134, 1.0, 
73BR, 2261.5, 0.0, 0.0, , 11.87775, 1, 13.25, 0.1573 ; 2247.174, 1.0, 
73BR, 2555.0, 481.2, 0.0, , 11.87775, 1, 13.25, 0.1573 ; 2059.474, 1.0, 
73BR, 2555.0, 26.94, 0.0, , 11.87775, 1, 13.25, 0.1573 ; 2513.734, 1.0, 
73BR, 3017.3, 713.3, 0.0, , 11.87775, 1, 13.25, 0.1573 ; 2289.674, 1.0, 
73BR, 3017.3, 481.2, 0.0, , 11.87775, 1, 13.25, 0.1573 ; 2521.774, 1.0, 
73BR, 3017.3, 178.04, 0.0, , 11.87775, 1, 13.25, 0.1573 ; 2824.934, 1.0, 
73BR, 3252.1, 481.2, 0.0, , 11.87775, 1, 13.25, 0.1573 ; 2756.574, 1.0, 
73BR, 3285.1, 178.04, 0.0, , 11.87775, 1, 13.25, 0.1573 ; 3092.734, 1.0, 
73BR, 3462.3, 178.04, 0.0, , 11.87775, 1, 13.25, 0.1573 ; 3269.934, 1.0, 
73BR, 3462.3, 26.94, 0.0, , 11.87775, 1, 13.25, 0.1573 ; 3421.034, 1.0, 
73BR, 3469.1, 178.04, 0.0, , 11.87775, 1, 13.25, 0.1573 ; 3276.734, 1.0, 
ELECTRON_CAPTURE
73KR, 7096.0, 73BR, 0.0, 0.21, 11.87775, 0.85, 13.25, 0.133705
73KR, 7096.0, 73BR, 26.94, 0.058, 11.87775, 0.85, 13.25, 0.133705
73KR, 7096.0, 73BR, 178.04, 0.055, 11.87775, 0.85, 13.25, 0.133705
73KR, 7096.0, 73BR, 240.45, 0.032, 11.87775, 0.85, 13.25, 0.133705
73KR, 7096.0, 73BR, 286.09, 0.025, 11.87775, 0.85, 13.25, 0.133705
73KR, 7096.0, 73BR, 419.03, 0.032, 11.87775, 0.85, 13.25, 0.133705
73KR, 7096.0, 73BR, 423.4, 0.027, 11.87775, 0.85, 13.25, 0.133705
73KR, 7096.0, 73BR, 473.4, 0.037, 11.87775, 0.85, 13.25, 0.133705
73KR, 7096.0, 73BR, 481.2, 0.031, 11.87775, 0.85, 13.25, 0.133705
73KR, 7096.0, 73BR, 635.26, 0.044, 11.87775, 0.85, 13.25, 0.133705
73KR, 7096.0, 73BR, 681.1, 0.016, 11.87775, 0.85, 13.25, 0.133705
73KR, 7096.0, 73BR, 713.3, 0.024, 11.87775, 0.85, 13.25, 0.133705
73KR, 7096.0, 73BR, 1137.52, 0.047, 11.87775, 0.85, 13.25, 0.133705
73KR, 7096.0, 73BR, 1473.0, 0.01, 11.87775, 0.85, 13.25, 0.133705
73KR, 7096.0, 73BR, 1542.4, 0.023, 11.87775, 0.85, 13.25, 0.133705
73KR, 7096.0, 73BR, 2153.9, 0.027, 11.87775, 0.85, 13.25, 0.133705
73KR, 7096.0, 73BR, 2261.5, 0.02, 11.87775, 0.85, 13.25, 0.133705
73KR, 7096.0, 73BR, 2555.0, 0.022, 11.87775, 0.85, 13.25, 0.133705
73KR, 7096.0, 73BR, 3017.3, 0.1, 11.87775, 0.85, 13.25, 0.133705
73KR, 7096.0, 73BR, 3252.1, 0.012, 11.87775, 0.85, 13.25, 0.133705
73KR, 7096.0, 73BR, 3285.1, 0.019, 11.87775, 0.85, 13.25, 0.133705
73KR, 7096.0, 73BR, 3462.3, 0.033, 11.87775, 0.85, 13.25, 0.133705
73KR, 7096.0, 73BR, 3469.1, 0.017, 11.87775, 0.85, 13.25, 0.133705
73KR, 7096.0, 73BR, 4280.0, 6e-05, 11.87775, 0.85, 13.25, 0.133705, 11.181, 0.15, 12.5, 0.022665
73KR, 7096.0, 73BR, 4330.0, 0.0001, 11.87775, 0.85, 13.25, 0.133705, 11.181, 0.15, 12.5, 0.022665
73KR, 7096.0, 73BR, 4380.0, 0.0001, 11.87775, 0.85, 13.25, 0.133705, 11.181, 0.15, 12.5, 0.022665
73KR, 7096.0, 73BR, 4430.0, 0.0002, 11.87775, 0.85, 13.25, 0.133705, 11.181, 0.15, 12.5, 0.022665
73KR, 7096.0, 73BR, 4460.0, 0.00038, 11.87775, 0.85, 13.25, 0.133705, 11.181, 0.15, 12.5, 0.022665
73KR, 7096.0, 73BR, 4500.0, 0.00028, 11.87775, 0.85, 13.25, 0.133705, 11.181, 0.15, 12.5, 0.022665
73KR, 7096.0, 73BR, 4530.0, 0.0011, 11.87775, 0.85, 13.25, 0.133705, 11.181, 0.15, 12.5, 0.022665
73KR, 7096.0, 73BR, 4600.0, 0.0012, 11.87775, 0.85, 13.25, 0.133705, 11.181, 0.15, 12.5, 0.022665
73KR, 7096.0, 73BR, 4640.0, 0.0011, 11.87775, 0.85, 13.25, 0.133705, 11.181, 0.15, 12.5, 0.022665
73KR, 7096.0, 73BR, 4670.0, 0.0011, 11.87775, 0.85, 13.25, 0.133705, 11.181, 0.15, 12.5, 0.022665
73KR, 7096.0, 73BR, 4710.0, 0.00094, 11.87775, 0.85, 13.25, 0.133705, 11.181, 0.15, 12.5, 0.022665
73KR, 7096.0, 73BR, 4740.0, 0.00099, 11.87775, 0.85, 13.25, 0.133705, 11.181, 0.15, 12.5, 0.022665
73KR, 7096.0, 73BR, 4780.0, 0.0016, 11.87775, 0.85, 13.25, 0.133705, 11.181, 0.15, 12.5, 0.022665
73KR, 7096.0, 73BR, 4830.0, 0.0026, 11.87775, 0.85, 13.25, 0.133705, 11.181, 0.15, 12.5, 0.022665
73KR, 7096.0, 73BR, 4890.0, 0.0016, 11.87775, 0.85, 13.25, 0.133705, 11.181, 0.15, 12.5, 0.022665
73KR, 7096.0, 73BR, 4960.0, 0.0039, 11.87775, 0.85, 13.25, 0.133705, 11.181, 0.15, 12.5, 0.022665
73KR, 7096.0, 73BR, 5040.0, 0.0065, 11.87775, 0.85, 13.25, 0.133705, 11.181, 0.15, 12.5, 0.022665
73KR, 7096.0, 73BR, 5090.0, 0.0052, 11.87775, 0.85, 13.25, 0.133705, 11.181, 0.15, 12.5, 0.022665
73KR, 7096.0, 73BR, 5170.0, 0.0069, 11.87775, 0.85, 13.25, 0.133705, 11.181, 0.15, 12.5, 0.022665
73KR, 7096.0, 73BR, 5230.0, 0.0066, 11.87775, 0.85, 13.25, 0.133705, 11.181, 0.15, 12.5, 0.022665
73KR, 7096.0, 73BR, 5270.0, 0.0068, 11.87775, 0.85, 13.25, 0.133705, 11.181, 0.15, 12.5, 0.022665
73KR, 7096.0, 73BR, 5310.0, 0.0053, 11.87775, 0.85, 13.25, 0.133705, 11.181, 0.15, 12.5, 0.022665
73KR, 7096.0, 73BR, 5340.0, 0.0055, 11.87775, 0.85, 13.25, 0.133705, 11.181, 0.15, 12.5, 0.022665
73KR, 7096.0, 73BR, 5390.0, 0.0132, 11.87775, 0.85, 13.25, 0.133705, 11.181, 0.15, 12.5, 0.022665
73KR, 7096.0, 73BR, 5450.0, 0.0079, 11.87775, 0.85, 13.25, 0.133705, 11.181, 0.15, 12.5, 0.022665
73KR, 7096.0, 73BR, 5500.0, 0.0105, 11.87775, 0.85, 13.25, 0.133705, 11.181, 0.15, 12.5, 0.022665
73KR, 7096.0, 73BR, 5560.0, 0.0167, 11.87775, 0.85, 13.25, 0.133705, 11.181, 0.15, 12.5, 0.022665
73KR, 7096.0, 73BR, 5610.0, 0.004, 11.87775, 0.85, 13.25, 0.133705, 11.181, 0.15, 12.5, 0.022665
73KR, 7096.0, 73BR, 5650.0, 0.0081, 11.87775, 0.85, 13.25, 0.133705, 11.181, 0.15, 12.5, 0.022665
73KR, 7096.0, 73BR, 5700.0, 0.0093, 11.87775, 0.85, 13.25, 0.133705, 11.181, 0.15, 12.5, 0.022665
73KR, 7096.0, 73BR, 5750.0, 0.0079, 11.87775, 0.85, 13.25, 0.133705, 11.181, 0.15, 12.5, 0.022665
73KR, 7096.0, 73BR, 5790.0, 0.0067, 11.87775, 0.85, 13.25, 0.133705, 11.181, 0.15, 12.5, 0.022665
73KR, 7096.0, 73BR, 5830.0, 0.0044, 11.87775, 0.85, 13.25, 0.133705, 11.181, 0.15, 12.5, 0.022665
73KR, 7096.0, 73BR, 5890.0, 0.0098, 11.87775, 0.85, 13.25, 0.133705, 11.181, 0.15, 12.5, 0.022665
73KR, 7096.0, 73BR, 5960.0, 0.0058, 11.87775, 0.85, 13.25, 0.133705, 11.181, 0.15, 12.5, 0.022665
73KR, 7096.0, 73BR, 6060.0, 0.0105, 11.87775, 0.85, 13.25, 0.133705, 11.181, 0.15, 12.5, 0.022665
73KR, 7096.0, 73BR, 6140.0, 0.0029, 11.87775, 0.85, 13.25, 0.133705, 11.181, 0.15, 12.5, 0.022665
73KR, 7096.0, 73BR, 6190.0, 0.004, 11.87775, 0.85, 13.25, 0.133705, 11.181, 0.15, 12.5, 0.022665
73KR, 7096.0, 73BR, 6240.0, 0.0022, 11.87775, 0.85, 13.25, 0.133705, 11.181, 0.15, 12.5, 0.022665
73KR, 7096.0, 73BR, 6290.0, 0.0038, 11.87775, 0.85, 13.25, 0.133705, 11.181, 0.15, 12.5, 0.022665
73KR, 7096.0, 73BR, 6380.0, 0.0036, 11.87775, 0.85, 13.25, 0.133705, 11.181, 0.15, 12.5, 0.022665
73KR, 7096.0, 73BR, 6480.0, 0.0021, 11.87775, 0.85, 13.25, 0.133705, 11.181, 0.15, 12.5, 0.022665
BETA_PLUS
73KR, 7096.0, 73BR, 0.0, 36.0
73KR, 7096.0, 73BR, 26.94, 9.9
73KR, 7096.0, 73BR, 178.04, 8.7
73KR, 7096.0, 73BR, 240.45, 5.0
73KR, 7096.0, 73BR, 286.09, 3.8
73KR, 7096.0, 73BR, 419.03, 4.5
73KR, 7096.0, 73BR, 423.4, 3.9
73KR, 7096.0, 73BR, 473.4, 5.1
73KR, 7096.0, 73BR, 481.2, 4.3
73KR, 7096.0, 73BR, 635.26, 5.6
73KR, 7096.0, 73BR, 681.1, 2.0
73KR, 7096.0, 73BR, 713.3, 2.9
73KR, 7096.0, 73BR, 1137.52, 4.5
73KR, 7096.0, 73BR, 1473.0, 0.9
73KR, 7096.0, 73BR, 1542.4, 1.7
73KR, 7096.0, 73BR, 2153.9, 1.3
73KR, 7096.0, 73BR, 2261.5, 0.9
73KR, 7096.0, 73BR, 2555.0, 0.76
73KR, 7096.0, 73BR, 3017.3, 2.3
73KR, 7096.0, 73BR, 3252.1, 0.22
73KR, 7096.0, 73BR, 3285.1, 0.33
73KR, 7096.0, 73BR, 3462.3, 0.47
73KR, 7096.0, 73BR, 3469.1, 0.23
73KR, 7096.0, 73BR, 4280.0, 0.0002
73KR, 7096.0, 73BR, 4330.0, 0.0005
73KR, 7096.0, 73BR, 4380.0, 0.0006
73KR, 7096.0, 73BR, 4430.0, 0.0005
73KR, 7096.0, 73BR, 4460.0, 0.0012
73KR, 7096.0, 73BR, 4500.0, 0.00082
73KR, 7096.0, 73BR, 4530.0, 0.0032
73KR, 7096.0, 73BR, 4600.0, 0.003
73KR, 7096.0, 73BR, 4640.0, 0.0025
73KR, 7096.0, 73BR, 4670.0, 0.0024
73KR, 7096.0, 73BR, 4710.0, 0.0018
73KR, 7096.0, 73BR, 4740.0, 0.0017
73KR, 7096.0, 73BR, 4780.0, 0.0025
73KR, 7096.0, 73BR, 4830.0, 0.0037
73KR, 7096.0, 73BR, 4890.0, 0.0018
73KR, 7096.0, 73BR, 4960.0, 0.0038
73KR, 7096.0, 73BR, 5040.0, 0.0049
73KR, 7096.0, 73BR, 5090.0, 0.0033
73KR, 7096.0, 73BR, 5170.0, 0.0033
73KR, 7096.0, 73BR, 5230.0, 0.0025
73KR, 7096.0, 73BR, 5270.0, 0.0022
73KR, 7096.0, 73BR, 5310.0, 0.0014
73KR, 7096.0, 73BR, 5340.0, 0.0013
73KR, 7096.0, 73BR, 5390.0, 0.0024
73KR, 7096.0, 73BR, 5450.0, 0.0011
73KR, 7096.0, 73BR, 5500.0, 0.00104
73KR, 7096.0, 73BR, 5560.0, 0.00112
73KR, 7096.0, 73BR, 5610.0, 0.00018
73KR, 7096.0, 73BR, 5650.0, 0.00027
73KR, 7096.0, 73BR, 5700.0, 0.00019
73KR, 7096.0, 73BR, 5750.0, 9.3e-05
73KR, 7096.0, 73BR, 5790.0, 4.7e-05
73KR, 7096.0, 73BR, 5830.0, 1.7e-05
73KR, 7096.0, 73BR, 5890.0, 1.2e-05
73KR, 7096.0, 73BR, 5960.0, 0
73KR, 7096.0, 73BR, 6060.0, 0
73KR, 7096.0, 73BR, 6140.0, 0
73KR, 7096.0, 73BR, 6190.0, 0
73KR, 7096.0, 73BR, 6240.0, 0
73KR, 7096.0, 73BR, 6290.0, 0
73KR, 7096.0, 73BR, 6380.0, 0
73KR, 7096.0, 73BR, 6480.0, 0
PROTON
73BR, 4280.0, 72SE, 3068.0, 80
73BR, 4280.0, 72SE, 3928.0, 20
73BR, 4330.0, 72SE, 3068.0, 80
73BR, 4330.0, 72SE, 3928.0, 20
73BR, 4380.0, 72SE, 3068.0, 80
73BR, 4380.0, 72SE, 3928.0, 20
73BR, 4430.0, 72SE, 3068.0, 80
73BR, 4430.0, 72SE, 3928.0, 20
73BR, 4460.0, 72SE, 3068.0, 80
73BR, 4460.0, 72SE, 3928.0, 20
73BR, 4500.0, 72SE, 3068.0, 80
73BR, 4500.0, 72SE, 3928.0, 20
73BR, 4530.0, 72SE, 3068.0, 80
73BR, 4530.0, 72SE, 3928.0, 20
73BR, 4600.0, 72SE, 3068.0, 80
73BR, 4600.0, 72SE, 3928.0, 20
73BR, 4640.0, 72SE, 3068.0, 80
73BR, 4640.0, 72SE, 3928.0, 20
73BR, 4670.0, 72SE, 3068.0, 80
73BR, 4670.0, 72SE, 3928.0, 20
73BR, 4710.0, 72SE, 3068.0, 80
73BR, 4710.0, 72SE, 3928.0, 20
73BR, 4740.0, 72SE, 3068.0, 80
73BR, 4740.0, 72SE, 3928.0, 20
73BR, 4780.0, 72SE, 3068.0, 80
73BR, 4780.0, 72SE, 3928.0, 20
73BR, 4830.0, 72SE, 3068.0, 80
73BR, 4830.0, 72SE, 3928.0, 20
73BR, 4890.0, 72SE, 3068.0, 80
73BR, 4890.0, 72SE, 3928.0, 20
73BR, 4960.0, 72SE, 3068.0, 80
73BR, 4960.0, 72SE, 3928.0, 20
73BR, 5040.0, 72SE, 3068.0, 80
73BR, 5040.0, 72SE, 3928.0, 20
73BR, 5090.0, 72SE, 3068.0, 80
73BR, 5090.0, 72SE, 3928.0, 20
73BR, 5170.0, 72SE, 3068.0, 80
73BR, 5170.0, 72SE, 3928.0, 20
73BR, 5230.0, 72SE, 3068.0, 80
73BR, 5230.0, 72SE, 3928.0, 20
73BR, 5270.0, 72SE, 3068.0, 80
73BR, 5270.0, 72SE, 3928.0, 20
73BR, 5310.0, 72SE, 3068.0, 80
73BR, 5310.0, 72SE, 3928.0, 20
73BR, 5340.0, 72SE, 3068.0, 80
73BR, 5340.0, 72SE, 3928.0, 20
73BR, 5390.0, 72SE, 3068.0, 80
73BR, 5390.0, 72SE, 3928.0, 20
73BR, 5450.0, 72SE, 3068.0, 80
73BR, 5450.0, 72SE, 3928.0, 20
73BR, 5500.0, 72SE, 3068.0, 80
73BR, 5500.0, 72SE, 3928.0, 20
73BR, 5560.0, 72SE, 3068.0, 80
73BR, 5560.0, 72SE, 3928.0, 20
73BR, 5610.0, 72SE, 3068.0, 80
73BR, 5610.0, 72SE, 3928.0, 20
73BR, 5650.0, 72SE, 3068.0, 80
73BR, 5650.0, 72SE, 3928.0, 20
73BR, 5700.0, 72SE, 3068.0, 80
73BR, 5700.0, 72SE, 3928.0, 20
73BR, 5750.0, 72SE, 3068.0, 80
73BR, 5750.0, 72SE, 3928.0, 20
73BR, 5790.0, 72SE, 3068.0, 80
73BR, 5790.0, 72SE, 3928.0, 20
73BR, 5830.0, 72SE, 3068.0, 80
73BR, 5830.0, 72SE, 3928.0, 20
73BR, 5890.0, 72SE, 3068.0, 80
73BR, 5890.0, 72SE, 3928.0, 20
73BR, 5960.0, 72SE, 3068.0, 80
73BR, 5960.0, 72SE, 3928.0, 20
73BR, 6060.0, 72SE, 3068.0, 80
73BR, 6060.0, 72SE, 3928.0, 20
73BR, 6140.0, 72SE, 3068.0, 80
73BR, 6140.0, 72SE, 3928.0, 20
73BR, 6190.0, 72SE, 3068.0, 80
73BR, 6190.0, 72SE, 3928.0, 20
73BR, 6240.0, 72SE, 3068.0, 80
73BR, 6240.0, 72SE, 3928.0, 20
73BR, 6290.0, 72SE, 3068.0, 80
73BR, 6290.0, 72SE, 3928.0, 20
73BR, 6380.0, 72SE, 3068.0, 80
73BR, 6380.0, 72SE, 3928.0, 20
73BR, 6480.0, 72SE, 3068.0, 80
73BR, 6480.0, 72SE, 3928.0, 20

GAMMA
72SE, 3928.000000, 3068.000000, 1
